-10 2.8948351648351647
-9 2.9054874651810585
-8 2.9164406779661016
-7 2.9277077363896846
-6 2.9393023255813953
-5 2.9512389380530974
-4 2.9635329341317362
-3 2.9762006079027357
-2 2.989259259259259
-1 3.002727272727273
0 3.0166242038216557
1 3.0309708737864076
2 3.0457894736842106
3 3.061103678929766
4 3.076938775510204
5 3.0933217993079585
6 3.110281690140845
7 3.1278494623655915
8 3.146058394160584
9 3.1649442379182156
10 3.1845454545454546
11 3.2049034749034746
12 3.2260629921259842
13 3.2480722891566263
14 3.270983606557377
15 3.2948535564853554
16 3.31974358974359
17 3.3457205240174672
18 3.3728571428571428
19 3.4012328767123288
20 3.4309345794392523
21 3.4620574162679425
22 3.494705882352941
23 3.528994974874372
24 3.5650515463917527
25 3.603015873015873
26 3.6430434782608696
27 3.6853072625698324
28 3.73
29 3.7773372781065087
